0.5 199.1
1.0 199.0
1.5 199.0
2.0 197.9
2.5 192.0
3.0 192.0
3.5 192.0
4.0 192.0
4.5 199.0
5.0 199.0
5.5 194.7
6.0 191.9
6.5 191.9
7.0 191.9
7.5 193.6
8.0 199.0
8.5 199.0
9.0 198.3
9.5 198.7
10.0 198.5
10.5 198.6
11.0 198.5
11.5 198.5
12.0 198.4
12.5 198.4
13.0 198.4
13.5 198.3
14.0 198.3
14.5 198.3
15.0 198.3
15.5 192.3
16.0 191.0
16.5 191.0
17.0 191.0
17.5 198.3
18.0 198.3
18.5 198.2
19.0 198.0
19.5 198.3
20.0 198.0
20.5 198.2
21.0 198.2
21.5 198.2
22.0 198.2
22.5 198.2
23.0 191.0
23.5 190.9
24.0 191.0
24.5 193.4
25.0 198.2
25.5 198.2
26.0 204.7
26.5 204.4
27.0 204.4
27.5 204.4
28.0 198.6
28.5 197.1
29.0 197.1
29.5 197.1
30.0 197.1
30.5 203.3
31.0 197.0
31.5 197.0
32.0 197.0
32.5 198.5
33.0 204.4
33.5 204.4
34.0 190.1
34.5 190.3
35.0 190.3
35.5 190.3
36.0 187.1
36.5 187.1
37.0 187.1
37.5 188.2
38.0 190.9
38.5 190.9
39.0 190.7
39.5 201.6
40.0 201.6
40.5 201.6
41.0 195.2
41.5 194.7
42.0 194.6
42.5 194.6
43.0 198.6
43.5 201.6
44.0 201.6
44.5 200.8
45.0 201.2
45.5 201.1
46.0 201.3
46.5 201.3
47.0 201.2
47.5 201.2
48.0 201.2
48.5 201.1
49.0 201.1
49.5 201.0
50.0 200.9
50.5 200.9
51.0 200.9
51.5 199.8
52.0 193.9
52.5 193.9
53.0 193.9
53.5 194.2
54.0 200.9
54.5 200.9
55.0 200.7
55.5 200.8
56.0 201.0
56.5 200.9
57.0 200.9
57.5 200.9
58.0 200.8
58.5 200.8
59.0 200.8
59.5 200.7
60.0 200.7
60.5 200.6
61.0 200.6
61.5 200.6
62.0 200.5
62.5 200.5
63.0 200.5
63.5 193.5
64.0 193.5
64.5 193.5
65.0 195.5
65.5 200.5
66.0 200.5
66.5 204.7
67.0 204.5
67.5 204.5
68.0 204.5
68.5 199.0
69.0 197.2
69.5 197.2
70.0 197.2
70.5 197.2
71.0 202.3
71.5 204.7
72.0 204.5
72.5 204.5
73.0 204.5
73.5 204.4
74.0 204.4
74.5 190.2
75.0 190.3
75.5 190.9
76.0 190.9
76.5 190.5
77.0 204.5
77.5 204.5
78.0 204.5
78.5 204.5
79.0 197.4
79.5 197.0
80.0 197.0
80.5 197.0
81.0 204.5
81.5 204.5
82.0 204.4
82.5 205.0
83.0 205.1
83.5 205.1
84.0 205.1
84.5 197.9
85.0 197.9
85.5 197.9
86.0 197.9
86.5 197.9
87.0 200.3
87.5 197.9
88.0 197.7
88.5 197.7
89.0 197.7
89.5 205.1
90.0 205.1
90.5 205.5
91.0 205.5
91.5 205.5
92.0 205.6
92.5 200.7
93.0 198.4
93.5 198.3
94.0 198.4
94.5 198.3
95.0 198.4
95.5 205.4
96.0 198.4
96.5 198.2
97.0 198.4
97.5 198.2
98.0 198.4
98.5 205.1
99.0 204.5
99.5 204.5
100.0 204.5
100.5 200.4
101.0 197.1
101.5 197.1
102.0 197.1
102.5 203.9
103.0 204.2
103.5 204.2
104.0 194.5
104.5 194.6
105.0 194.6
105.5 194.6
106.0 187.6
106.5 187.7
107.0 187.6
107.5 190.0
108.0 194.6
108.5 194.6
109.0 204.0
109.5 203.8
110.0 204.0
110.5 203.8
111.0 197.6
111.5 196.5
112.0 197.0
112.5 196.5
113.0 197.7
113.5 203.8
114.0 204.0
114.5 203.6
115.0 203.5
115.5 203.5
116.0 203.5
116.5 197.9
117.0 196.8
117.5 196.8
118.0 196.8
118.5 197.2
119.0 203.5
119.5 203.5
120.0 194.6
120.5 193.7
121.0 193.7
121.5 193.7
122.0 188.9
122.5 186.9
123.0 186.9
123.5 186.9
124.0 186.9
124.5 192.2
125.0 204.2
125.5 204.2
126.0 204.2
126.5 197.0
127.0 197.0
127.5 197.0
128.0 198.4
128.5 204.2
129.0 204.2
129.5 189.6
130.0 189.5
130.5 189.5
131.0 189.5
131.5 182.8
132.0 182.5
132.5 182.5
133.0 182.5
133.5 182.5
134.0 182.5
134.5 182.5
135.0 187.9
135.5 182.4
136.0 182.4
136.5 182.4
137.0 182.4
137.5 185.6
138.0 182.8
138.5 182.5
139.0 182.5
139.5 182.5
140.0 182.5
140.5 210.2
141.0 204.4
141.5 204.4
142.0 204.4
142.5 199.7
143.0 197.5
143.5 197.5
144.0 197.5
144.5 197.5
145.0 200.9
145.5 197.4
146.0 197.4
146.5 197.4
147.0 197.4
147.5 204.4
148.0 204.4
148.5 204.3
149.0 203.7
149.5 204.1
150.0 203.7
150.5 204.0
151.0 204.0
151.5 204.0
152.0 204.0
152.5 203.9
153.0 203.7
153.5 204.0
154.0 203.7
154.5 203.9
155.0 203.9
155.5 203.9
156.0 203.9
156.5 203.9
157.0 203.9
157.5 203.4
158.0 203.9
158.5 203.6
159.0 203.9
159.5 203.9
160.0 203.9
160.5 203.9
161.0 203.5
161.5 203.9
162.0 203.5
162.5 203.8
163.0 203.7
163.5 203.7
164.0 203.6
164.5 203.6
165.0 203.6
165.5 203.5
166.0 203.5
166.5 203.4
167.0 203.4
167.5 203.3
168.0 203.3
168.5 203.3
169.0 203.3
169.5 203.3
170.0 203.3
170.5 203.3
171.0 203.3
171.5 203.3
172.0 203.7
172.5 203.7
173.0 203.4
173.5 203.7
174.0 203.5
174.5 203.6
175.0 203.6
175.5 203.6
176.0 203.6
176.5 203.6
177.0 203.6
177.5 196.7
178.0 196.7
178.5 196.7
179.0 199.0
179.5 201.1
180.0 201.1
180.5 194.3
181.0 158.1
181.5 158.1
182.0 158.1
182.5 156.0
183.0 155.9
183.5 155.9
184.0 155.9
184.5 156.0
185.0 155.9
185.5 156.4
186.0 158.1
186.5 158.1
187.0 157.7
187.5 155.7
188.0 155.7
188.5 155.7
189.0 155.7
189.5 158.1
190.0 158.1
190.5 158.3
191.0 202.5
191.5 202.6
192.0 202.6
192.5 197.6
193.0 195.5
193.5 195.5
194.0 195.5
194.5 195.5
195.0 200.0
195.5 202.6
196.0 202.6
196.5 202.6
197.0 202.7
197.5 202.7
198.0 202.7
198.5 195.5
199.0 195.5
199.5 195.5
200.0 195.5
200.5 198.7
201.0 202.7
201.5 202.7
202.0 201.9
202.5 202.3
203.0 202.1
203.5 202.3
204.0 195.2
204.5 195.1
205.0 195.1
205.5 195.1
206.0 196.8
206.5 199.1
207.0 199.1
207.5 202.5
208.0 202.6
208.5 202.6
209.0 202.6
209.5 195.9
210.0 195.7
210.5 196.0
211.0 196.0
211.5 196.0
212.0 196.0
212.5 196.0
213.0 200.4
213.5 202.9
214.0 202.9
